   -1    -1    36    -1    -1    -1    -1    -1 1448317039 
   -1    -1    -1    -1    -1    -1   496    -1 1448317041 
   -1    -1    -1    -1    -1   235    -1   240 1448317048 
   -1    -1    -1    -1    -1  2899    -1    -1 1448317050 
   -1    -1    -1    -1    -1   302  1545   303 1448317052 
   -1    -1    -1    -1    -1  2941    -1    -1 1448317056 
   -1    -1    -1    -1    -1  2630  1621    -1 1448317066 
   -1    -1    -1    -1    -1   241    -1   239 1448317071 
   -1    -1    -1    -1    -1    -1    66    -1 1448317071 
   -1    -1    -1    -1  2480    -1   589    -1 1448317075 
   -1    -1    -1    -1    -1   776    -1    -1 1448317075 
   -1    -1    -1    -1    -1    -1  3889    -1 1448317076 
   -1    -1    -1    -1    -1  3048    -1    -1 1448317080 
   -1    -1    -1    -1    -1  2046    -1    -1 1448317081 
   -1    -1    -1    -1   460   457   455    -1 1448317083 
   -1    -1    -1    -1    -1   139   569    -1 1448317087 
   -1    -1    -1    -1    -1  1960  1437    -1 1448317087 
   -1    -1    -1    -1    -1    -1  2604  3755 1448317088 
   -1    -1    -1    -1    -1  1041    -1    -1 1448317101 
   -1    -1    -1    -1    -1    -1   240    -1 1448317104 
   -1    -1    -1    -1    -1  1371    -1    -1 1448317107 
   -1    -1    -1    -1    -1  1551  2409    -1 1448317110 
   -1    -1    -1    -1    -1   518   517    -1 1448317113 
   -1    -1    -1    -1    -1    -1  2220    -1 1448317114 
   -1    -1    -1    -1    17    17    -1  2331 1448317120 
   -1    -1    36    -1    -1    -1   513    -1 1448317120 
   -1    -1    -1    -1   109   114    97   114 1448317121 
   -1    -1    -1    -1    -1    -1   820    -1 1448317128 
   -1    -1    -1    -1   278   279   279   281 1448317132 
   -1    -1    -1    -1    -1  2395  2379    -1 1448317134 
   -1    -1   103    -1    -1    -1    -1    -1 1448317142 
   -1    -1    -1    -1    -1    37   613    -1 1448317145 
   -1    -1    -1    -1    -1   650    -1    -1 1448317150 
   -1    -1    -1    -1    -1    17    -1    -1 1448317152 
   -1    -1    -1    -1    -1  3993  3454    -1 1448317158 
   -1    -1    -1    -1    -1    -1  1557    -1 1448317160 
   -1    -1    -1    -1    -1    -1  2543    -1 1448317175 
   -1    -1    -1    -1    -1  4085    -1  4084 1448317175 
   -1    -1    -1    -1    -1    -1  1972    -1 1448317175 
   -1    -1    -1    -1  1145  1146  1146  1147 1448317177 
   -1    -1    -1    -1    -1    -1    -1  3487 1448317182 
   -1    -1    -1    -1    -1  1276    -1    -1 1448317184 
   -1    -1    -1    -1    49    60    35    49 1448317189 
   -1    -1    -1    -1    -1    -1  3320    -1 1448317194 
   -1    -1    -1    -1    -1  1759    -1    -1 1448317196 
   -1    -1    -1    -1    -1    -1  3444    -1 1448317197 
   -1    -1    -1    -1    -1    -1  3996    -1 1448317205 
   -1    -1    -1    -1   192   200    -1   196 1448317207 
   -1    -1    -1    -1    -1    -1   803    -1 1448317211 
   -1    -1    -1    -1    -1  2138    -1    -1 1448317211 
   -1    -1    -1    -1    -1  2291    -1    -1 1448317212 
   -1    -1    -1    -1    -1    -1  3451    -1 1448317213 
   -1    -1    -1    -1    -1    -1  1285    -1 1448317213 
   -1    -1    -1    -1    -1  1259  1591    -1 1448317221 
   -1    -1    -1    -1    -1  1717    -1    -1 1448317228 
   -1    -1    -1    -1    -1    -1  1638    -1 1448317232 
   -1    -1    -1    -1    -1   819    -1    -1 1448317233 
   -1    -1    -1    -1    -1  2855    -1    -1 1448317245 
   -1    -1    -1    -1    -1  3355  3074    -1 1448317248 
   -1    -1    -1    -1    -1  1729    -1    -1 1448317254 
   -1    -1    -1    -1    -1    -1   594    -1 1448317272 
   -1    -1    -1    -1    -1    -1   895    -1 1448317272 
   -1    -1    -1    -1    -1    -1    -1  3135 1448317273 
   -1    -1    -1    -1    -1  3737  1802    -1 1448317285 
   -1    -1    -1    -1    -1   861    -1    -1 1448317289 
   -1    -1    -1    -1    -1    -1  3052    -1 1448317294 
   -1    -1    -1    -1   961   376    -1    -1 1448317301 
   -1    -1    -1    -1    -1  3228  3036    -1 1448317306 
   -1    -1    -1    -1  2341    -1  1425  2342 1448317306 
   -1    -1    -1    -1    -1  2494  3675    -1 1448317310 
   -1    -1    -1    -1    -1    -1  2746    -1 1448317310 
   -1    -1    -1    -1    -1  2562  2572    -1 1448317311 
   -1    -1    -1    -1    -1  3391    -1    -1 1448317311 
   -1    -1    -1    -1    -1    -1   633    -1 1448317320 
   -1    -1    -1    -1    -1    -1  1856    -1 1448317321 
   -1    -1    -1    -1    -1   746    -1    -1 1448317324 
   -1    -1    -1    -1    -1  3721    -1    -1 1448317329 
   -1    -1    -1    -1    -1   182  1857    -1 1448317329 
   -1    -1    -1    -1    -1    -1  1785    -1 1448317337 
   -1    -1    -1    -1    -1    -1  1289    -1 1448317339 
   -1    -1    -1    -1    -1   342    -1    -1 1448317340 
   -1    -1    -1    -1    -1    -1    22    -1 1448317354 
   -1    -1    -1    -1    -1  1301  3826    -1 1448317358 
   -1    -1    -1    -1    -1  3786  3370    -1 1448317360 
   -1    -1    -1    -1    -1  1099    -1  1104 1448317364 
   -1    -1    -1    -1    -1  3436    -1    -1 1448317369 
   -1    -1    -1    -1  2755  2754  2753  2757 1448317370 
   -1    -1    -1    -1    -1  3414    -1    -1 1448317371 
   -1    -1    -1    -1    -1    57    -1    -1 1448317372 
   -1    -1   103    -1    -1    -1    -1    -1 1448317382 
   -1    -1    -1    -1    -1    -1  2335    -1 1448317384 
   -1    -1    -1    -1    -1    -1  1083    -1 1448317384 
   -1    -1    -1    -1  2632    -1  2630    -1 1448317387 
   -1    -1    -1    -1    -1  2695   463  3540 1448317390 
   -1    -1    -1    -1    -1    -1    -1  3869 1448317395 
   -1    -1    -1    -1    -1  2100  2679    -1 1448317405 
   -1    -1    -1    -1    -1    26   361    -1 1448317413 
   -1    -1    -1    -1    -1  1104    -1    -1 1448317416 
   -1    -1    -1    -1    -1    -1  1554    -1 1448317421 
   -1    -1    -1    -1    -1   926    -1    -1 1448317425 
   -1    -1    -1    -1    -1    -1  1321    -1 1448317425 
   -1    -1    -1    -1    -1    -1   758    -1 1448317428 
   -1    -1    -1    -1    -1    -1  1259    -1 1448317431 
   -1    -1    -1    -1    -1    -1  3352    -1 1448317435 
   -1    -1    -1    -1    -1  1380    -1    -1 1448317436 
   -1    -1    -1    -1    -1  3272    -1    -1 1448317442 
   -1    -1    -1    -1    -1    -1   445    -1 1448317447 
   -1    -1    -1    -1  3037  3037  3034  3037 1448317455 
   -1    -1    -1    -1    -1    -1   987    -1 1448317468 
   -1    -1    -1    -1    -1  2034  3882    -1 1448317476 
   -1    -1    -1    -1    -1    -1   621    -1 1448317486 
   -1    -1    -1    -1    -1    -1  4078    -1 1448317487 
   -1    -1    -1    -1    -1    -1  1472    -1 1448317495 
   -1    -1    -1    -1    16    -1    -1    -1 1448317498 
   -1    -1    -1    -1    -1  1819  2805    -1 1448317513 
   -1    -1    -1    -1    -1    -1  2093    -1 1448317514 
   -1    -1    -1    -1  1071  1073  1070   811 1448317515 
   -1    -1    -1    -1    -1    -1  1566    -1 1448317525 
   -1    -1    -1    -1    -1    -1  2948    -1 1448317533 
   -1    -1    -1    -1    -1  1299    -1    -1 1448317534 
   -1    -1    -1    -1    -1    -1  3245    -1 1448317534 
   -1    -1    -1    -1    -1   528    -1    -1 1448317536 
   -1    -1    -1    -1    -1  3145    -1    -1 1448317538 
   -1    -1    -1    -1    -1   741  2831    -1 1448317538 
   -1    -1    -1    -1    -1    -1   740    -1 1448317540 
   -1    -1    -1    -1    -1    -1  2090  2318 1448317544 
   -1    -1    -1    -1  1490  1490    -1  1490 1448317552 
   -1    -1    -1    -1    -1  3373    -1    -1 1448317552 
   -1    -1    -1    -1    -1    -1   272    -1 1448317554 
   -1    -1    -1    -1    -1  1464    -1    -1 1448317555 
   -1    -1    -1    -1    -1    -1   788    -1 1448317557 
   -1    -1    -1    -1    -1   146    -1    -1 1448317572 
   -1    -1    -1    -1    -1    -1   194    -1 1448317573 
   -1    -1    -1    -1    -1    -1  3294    -1 1448317574 
   -1    -1    -1    -1    -1    -1  1671    -1 1448317576 
   -1    -1    -1    -1    -1    -1  3181    -1 1448317577 
   -1    -1    -1    -1  1765  1765  1766  1768 1448317579 
   -1    -1    -1    -1  3002  3002  3001  3004 1448317590 
   -1    -1    -1    -1  2831  2832  2828  2831 1448317591 
   -1    -1    -1    -1    -1    -1   438    -1 1448317594 
   -1    -1    -1    -1  3045  3038  2773  3040 1448317600 
   -1    -1    -1    -1    -1  3593    -1    -1 1448317602 
   -1    -1    -1    -1    -1   593    -1    -1 1448317605 
   -1    -1    -1    -1    -1  1492  1490    -1 1448317606 
   -1    -1    -1    -1  1300  1305  1301  1305 1448317609 
   -1    -1    -1    -1   116    61    85    46 1448317609 
   -1    -1    -1    -1    -1   686    -1    -1 1448317611 
   -1    -1    -1    -1    -1  2294    -1    -1 1448317616 
   -1    -1    -1    -1    -1  2117    94  2702 1448317618 
   -1    -1    -1    -1    58    78    63    48 1448317619 
   -1    -1    -1    -1    -1  3786    -1    -1 1448317626 
   -1    -1    -1    -1    -1  3330    -1    -1 1448317626 
   -1    -1    -1    -1    -1  2712  2097    -1 1448317637 
   -1    -1    -1    -1    -1  1425    -1    -1 1448317645 
   -1    -1    -1    -1    -1    -1    -1  1200 1448317648 
   -1    -1   102    -1    -1    -1    -1    -1 1448317659 
   -1    -1    -1    -1    -1   855    -1    -1 1448317662 
   -1    -1    -1    -1    -1   261    -1    -1 1448317664 
   -1    -1    -1    -1    -1  2296  2294    -1 1448317665 
   -1    -1    -1    -1    -1  3840    -1    -1 1448317670 
   -1    -1    -1    -1   912   914   913   914 1448317670 
   -1    -1    -1    -1    -1  2923    -1    -1 1448317672 
   -1    -1    -1    -1    -1    -1   902    -1 1448317679 
   -1    -1    -1    -1    -1  1920    -1  3165 1448317680 
   -1    -1    -1    -1    -1    -1  1198    -1 1448317682 
   -1    -1    -1    -1    -1  1302    -1    -1 1448317693 
   -1    -1    -1    -1    -1  2872    -1    -1 1448317694 
   -1    -1    -1    -1    -1    -1  2229    -1 1448317702 
   -1    -1   103    -1    -1    -1    -1    -1 1448317712 
   -1    -1    -1    -1    -1  3805    -1    -1 1448317716 
   -1    -1    -1    -1  2105    -1    -1    -1 1448317717 
   -1    -1    -1    -1    -1   597   230  2410 1448317721 
   -1    -1    -1    -1    -1    -1   998    -1 1448317726 
   -1    -1    -1    -1    -1  3730  3728    -1 1448317729 
   -1    -1    -1    -1    -1   412  1616    -1 1448317732 
   -1    -1    -1    -1    -1  1712    -1    -1 1448317736 
   -1    -1    -1    -1    -1  2620    -1    -1 1448317748 
   -1    -1    -1    -1    -1    -1  3566    -1 1448317750 
   -1    -1    -1    -1    -1   636    -1    -1 1448317753 
   -1    -1    -1    -1    -1    -1  2192    -1 1448317753 
   -1    -1    -1    -1  2048  2050  2048  2050 1448317756 
   -1    -1    -1    -1    -1   280    -1    -1 1448317759 
   -1    -1    -1    -1    -1  1375  1811    -1 1448317768 
   -1    -1    -1    -1  1925    -1    -1    -1 1448317771 
   -1    -1    -1    -1    -1  1318    82    -1 1448317782 
   -1    -1    -1    -1    -1  3224    -1    -1 1448317782 
   -1    -1    -1    -1    -1  3916    -1    -1 1448317791 
   -1    -1    -1    -1    -1    -1  1385    -1 1448317793 
   -1    -1    -1    -1    -1  3445    -1    -1 1448317796 
   -1    -1    -1    -1    -1    -1  2362    -1 1448317800 
   -1    -1    -1    -1    -1  2819    -1    -1 1448317801 
   -1    -1    -1    -1    -1    -1   234    -1 1448317805 
   -1    -1    -1    -1    -1    -1  2189    -1 1448317807 
   -1    -1    -1    -1    -1   436    -1    -1 1448317808 
   -1    -1    -1    -1  3899    -1    -1    -1 1448317810 
   -1    -1    -1    -1    -1  4074  1287    -1 1448317812 
   -1    -1    -1    -1    -1  1490    -1    -1 1448317813 
   -1    -1    -1    -1    -1  1247   292    -1 1448317813 
   -1    -1    -1    -1    -1  3126  2357    -1 1448317818 
   -1    -1    -1    -1    -1  3785  1590    -1 1448317819 
   -1    -1    -1    -1  3405  2309    -1    -1 1448317821 
   -1    -1    -1    -1    -1  3039  3027  3031 1448317823 
   -1    -1    -1    -1  2834  1710  3992    -1 1448317833 
   -1    -1    -1    -1    -1   147    -1    -1 1448317835 
   -1    -1    -1    -1    -1  2705    -1    -1 1448317837 
   -1    -1    34    -1    -1    18    -1    -1 1448317838 
   -1    -1    -1    -1    -1   478   289    -1 1448317842 
   -1    -1    -1    -1    -1   872    -1    -1 1448317842 
   -1    -1    -1    -1    -1    -1    -1  1838 1448317856 
   -1    -1    -1    -1    -1  1207    -1    -1 1448317858 
   -1    -1    -1    -1    -1    -1  1934  1938 1448317861 
   -1    -1    -1    -1    -1  2412  1940    -1 1448317863 
   -1    -1    -1    -1    -1    -1   156    -1 1448317867 
   -1    -1    -1    -1    -1  2232    -1    -1 1448317870 
   -1    -1    -1    -1  2651    -1    -1    -1 1448317870 
   -1    -1    -1    -1    -1  1337    -1    -1 1448317872 
   -1    -1    -1    -1    -1    -1  2400    -1 1448317879 
   -1    -1    -1    -1  1019  1021  1020  1021 1448317881 
   -1    -1    -1    -1  1555  1558    -1    -1 1448317889 
   -1    -1    -1    -1    -1  1292  1816    -1 1448317895 
   -1    -1    -1    -1    -1    -1  2786    -1 1448317906 
   -1    -1    -1    -1    -1  3367  2591  3370 1448317907 
   -1    -1    -1    -1    -1    -1  1090    -1 1448317908 
   -1    -1    -1    -1    -1    -1   741    -1 1448317923 
   -1    -1    -1    -1    -1  2591  2773    -1 1448317934 
   -1    -1    -1    -1    -1   411   291    -1 1448317935 
   -1    -1    -1    -1    -1  2182  2179  2182 1448317937 
   -1    -1    -1    -1    -1    -1   699    -1 1448317939 
   -1    -1    -1    -1    -1  3381    -1    -1 1448317942 
   -1    -1    -1    -1   247   246   244   245 1448317946 
   -1    -1    -1    -1    -1  1707    -1    -1 1448317948 
   -1    -1    -1    -1    -1  3018  3014  3018 1448317953 
   -1    -1    -1    -1    -1    -1   145    -1 1448317955 
   -1    -1    -1    -1    -1  1511    -1    -1 1448317957 
   -1    -1    -1    -1    -1   238    -1    -1 1448317961 
   -1    -1    -1    -1    -1  1189  1846    -1 1448317970 
   -1    -1    -1    -1    -1    -1  2769    -1 1448317972 
   -1    -1    -1    -1    -1  1105   142    -1 1448317972 
   -1    -1    -1    -1    -1  1256    -1    -1 1448317973 
   -1    -1    -1    -1    -1    -1   456    -1 1448317974 
   -1    -1    -1    -1    -1    -1  1616    -1 1448317975 
   -1    -1    -1    -1    -1  3368   133  3367 1448317980 
   -1    -1    -1    -1    -1    -1   969    -1 1448317981 
   -1    -1    34    -1    -1  2012  1674    -1 1448317983 
   -1    -1    -1    -1  1077  1080  1081    -1 1448317983 
   -1    -1    -1    -1  3693  3705    -1    -1 1448317984 
   -1    -1    -1    -1    -1    -1  3595    -1 1448317987 
   -1    -1    -1    -1    -1  1290  1290    -1 1448317988 
   -1    -1    -1    -1    -1    -1  1319    -1 1448317988 
   -1    -1    -1    -1  1537  1539  1538  1540 1448317988 
   -1    -1    -1    -1    -1  1984  1984  1984 1448317990 
   -1    -1  2614    -1    -1    -1  2568    -1 1448317999 
   -1    -1    -1    -1    -1    -1  2684    -1 1448318011 
   -1    -1    -1    -1    -1    -1   377    -1 1448318014 
   -1    -1    -1    -1    -1    -1   306    -1 1448318016 
   -1    -1    -1    -1    -1  3998    -1    -1 1448318023 
   -1    -1    -1    -1    -1    19    -1    -1 1448318026 
   -1    -1    -1    -1    -1    -1  3009    -1 1448318030 
   -1    -1    -1    -1    -1    -1  3083    -1 1448318040 
   -1    -1    -1    -1    -1  1534    -1    -1 1448318042 
   -1    -1    -1    -1    -1   250    -1    -1 1448318043 
   -1    -1    -1    -1    -1  1274  1277  1276 1448318047 
   -1    -1    -1    -1    -1    -1  3928    -1 1448318058 
   -1    -1    -1    -1    -1    -1  3940    -1 1448318061 
   -1    -1    -1    -1    -1  2340    -1    -1 1448318061 
   -1    -1    -1    -1    -1    -1  3578    -1 1448318061 
   -1    -1    -1    -1    -1    -1  2223    -1 1448318068 
   -1    -1    -1    -1    -1    17    -1    -1 1448318069 
   -1    -1    -1    -1  3117  3115    -1  3121 1448318071 
   -1    -1    -1    -1    -1    -1   498    -1 1448318074 
   -1    -1    -1    -1    -1  2327    -1    -1 1448318074 
   -1    -1    -1    -1    -1    -1  3259    -1 1448318079 
   -1    -1    -1    -1    -1   109  1490    -1 1448318080 
   -1    -1    -1    -1   430   429   430   433 1448318082 
   -1    -1    -1    -1    -1  2016  2022  2018 1448318089 
   -1    -1    -1    -1    -1    -1  1887    -1 1448318094 
   -1    -1    -1    -1    -1    -1  2209    -1 1448318097 
   -1    -1    -1    -1    -1    -1   460    -1 1448318102 
   -1    -1    -1    -1    -1    -1   843    -1 1448318119 
   -1    -1    -1    -1    -1  1911  2125    -1 1448318121 
   -1    -1    -1    -1    -1   485    -1    -1 1448318122 
   -1    -1    -1    -1    -1    -1   682    -1 1448318127 
   -1    -1    -1    -1   637   638   637   638 1448318133 
   -1    -1    -1    -1    -1    -1  2944    -1 1448318135 
   -1    -1    -1    -1    -1  2918    -1    -1 1448318137 
   -1    -1    -1    -1    -1  1642  2511    -1 1448318140 
   -1    -1    -1    -1    -1   259    -1    -1 1448318141 
   -1    -1    -1    -1  2149  2147  2146  2150 1448318151 
   -1    -1    -1    -1    -1    -1  2919    -1 1448318158 
   -1    -1    -1    -1    -1    -1   356    -1 1448318159 
   -1    -1    -1    -1    -1    -1  3126    -1 1448318164 
   -1    -1    -1    -1  3694    -1    -1    -1 1448318166 
   -1    -1    -1    -1    -1   849    -1    -1 1448318173 
   -1    -1    -1    -1    -1    -1   408    -1 1448318176 
   -1    -1    -1    -1    -1    -1  2351    -1 1448318176 
   -1    -1    -1    -1    -1    -1   533    -1 1448318186 
   -1    -1    -1    -1  3940  3934  3932  3935 1448318197 
   -1    -1    -1    -1    -1    -1  1939    -1 1448318206 
   -1    -1    -1    -1    -1  3803  3800    -1 1448318218 
   -1    -1    -1    -1    -1  4008  2927    -1 1448318219 
   -1    -1    -1    -1    -1    -1  2777    -1 1448318219 
   -1    -1    -1    -1    -1  3190   196  3893 1448318222 
   -1    -1    -1    -1    -1    -1  2821    -1 1448318225 
   -1    -1    -1    -1    -1    -1  3750    -1 1448318228 
   -1    -1    -1    -1    -1    26    -1    -1 1448318234 
   -1    -1    -1    -1    -1  1704  1701    -1 1448318237 
   -1    -1    -1    -1    -1   475    -1    -1 1448318240 
   -1    -1    -1    -1    -1  3040  3153    -1 1448318243 
   -1    -1    -1    -1    -1    -1  1595    -1 1448318249 
   -1    -1    -1    -1    -1    -1  2613    -1 1448318251 
   -1    -1   105    -1    -1    -1    -1    -1 1448318258 
   -1    -1    -1    -1    -1    -1  2450    -1 1448318259 
   -1    -1    -1    -1    -1  3997    -1    -1 1448318260 
   -1    -1    -1    -1    -1  1692  2691    -1 1448318276 
   -1    -1    -1    -1  3399  3400  3397  3400 1448318281 
   -1    -1    -1    -1    -1  1219  2855    -1 1448318293 
   -1    -1    -1    -1    -1    -1  2494    -1 1448318294 
   -1    -1    -1    -1    -1    18    -1    -1 1448318301 
   -1    -1    -1    -1    -1  4075  4071    -1 1448318303 
   -1    -1    -1    -1    -1    -1  1887    -1 1448318305 
   -1    -1    -1    -1    -1  2376    -1    -1 1448318305 
   -1    -1    -1    -1    -1    -1   582    -1 1448318307 
   -1    -1    -1    -1   208   209   209   210 1448318310 
   -1    -1    -1    -1    -1    -1   905    -1 1448318321 
   -1    -1    -1    -1    -1  3454    -1    -1 1448318326 
   -1    -1    -1    -1    -1   971    -1    -1 1448318327 
   -1    -1    -1    -1    -1  2038    -1    -1 1448318329 
   -1    -1    -1    -1    -1    -1  1146    -1 1448318334 
   -1    -1    -1    -1  3517  3518  3198  3520 1448318336 
   -1    -1    -1    -1    -1    -1  3434    -1 1448318354 
   -1    -1    -1    -1    -1   381    -1    -1 1448318354 
   -1    -1    -1    -1    -1    -1  3354    -1 1448318356 
   -1    -1    -1    -1    -1  1406  1403    -1 1448318357 
   -1    -1    -1    -1  3922  3919  3916    -1 1448318361 
   -1    -1    -1    -1    -1    -1   408    -1 1448318363 
   -1    -1    -1    -1    -1  2428    -1  2427 1448318367 
   -1    -1    -1    -1    -1  3201   697  3203 1448318368 
   -1    -1   106    -1    -1  1907    -1    -1 1448318373 
   -1    -1    -1    -1    -1    -1    27    -1 1448318373 
   -1    -1    -1    -1    -1  3855    -1    -1 1448318377 
   -1    -1    -1    -1    -1    -1   629    -1 1448318379 
   -1    -1    -1    -1    -1    -1  3189    -1 1448318386 
   -1    -1    -1    -1    -1    -1  2462    -1 1448318390 
   -1    -1    -1    -1    -1    -1  1504    -1 1448318393 
   -1    -1    -1    -1    16    -1    -1    -1 1448318395 
   -1    -1    -1    -1    -1   157  2448    -1 1448318396 
   -1    -1    -1    -1    -1    -1  1780    -1 1448318398 
   -1    -1    -1    -1    -1    -1  1113    -1 1448318406 
   -1    -1    -1    -1    -1  1628    -1    -1 1448318410 
   -1    -1    -1    -1    -1    -1   242    -1 1448318410 
   -1    -1    -1    -1    -1  1115    -1    -1 1448318421 
   -1    -1    -1    -1    -1    -1   723    -1 1448318424 
   -1    -1    -1    -1    -1    -1   379    -1 1448318426 
   -1    -1    -1    -1    -1    -1  1960    -1 1448318426 
   -1    -1    -1    -1    -1  1459    -1    -1 1448318427 
   -1    -1    -1    -1    -1  3064    -1    -1 1448318429 
   -1    -1    -1    -1    -1    -1  2375    -1 1448318441 
   -1    -1    -1    -1    -1  1077  3384    -1 1448318441 
   -1    -1    -1    -1  3638  3638  3634    -1 1448318447 
   -1    -1   106    -1    -1    -1    -1    -1 1448318447 
   -1    -1    -1    -1    -1  3306  1811    -1 1448318450 
   -1    -1    -1    -1    -1   146    -1    -1 1448318452 
   -1    -1    -1    -1    -1    -1  3293    -1 1448318454 
   -1    -1    -1    -1    -1   986    -1    -1 1448318463 
   -1    -1    -1    -1    -1    -1  3707    -1 1448318466 
   -1    -1    -1    -1    -1    -1  2830    -1 1448318476 
   -1    -1    -1    -1    16    17    -1    -1 1448318477 
   -1    -1    -1    -1    -1    -1   240    -1 1448318489 
   -1    -1    -1    -1   223   222   222   223 1448318495 
   -1    -1    -1    -1   973   979   976    -1 1448318495 
   -1    -1    -1    -1    -1    -1  1842    -1 1448318503 
   -1    -1    -1    -1    -1    -1   212    -1 1448318506 
   -1    -1    -1    -1    -1    -1  2052    -1 1448318513 
   -1    -1    -1    -1    -1  2750    -1    -1 1448318520 
   -1    -1    -1    -1    -1  3460    -1    -1 1448318524 
   -1    -1    -1    -1    -1    -1    -1   547 1448318528 
   -1    -1    -1    -1    -1  2900    -1    -1 1448318535 
   -1    -1    -1    -1    -1  1948    -1    -1 1448318538 
   -1    -1    -1    -1    -1  3300  3764    -1 1448318542 
   -1    -1    -1    -1    -1  1522  1001  1465 1448318544 
   -1    -1    -1    -1    -1    -1  1279    -1 1448318547 
   -1    -1    -1    -1    -1  3979    -1    -1 1448318549 
   -1    -1    -1    -1    -1  2924  3387    -1 1448318552 
   -1    -1    -1    -1   117   114    99   110 1448318556 
   -1    -1    -1    -1    -1  2857  2611    -1 1448318559 
   -1    -1    -1    -1    -1    -1  3940    -1 1448318564 
   -1    -1    -1    -1  2129  2130  2127    -1 1448318567 
   -1    -1    -1    -1    -1    20    26    -1 1448318573 
   -1    -1    -1    -1    -1   120    -1    -1 1448318579 
   -1    -1    -1    -1    -1    -1  1600    -1 1448318584 
   -1    -1    -1    -1    -1    -1  3956    -1 1448318589 
   -1    -1    -1    -1    -1    -1  2815    -1 1448318590 
   -1    -1    -1    -1    -1    -1  1816    -1 1448318591 
   -1    -1    -1    -1    -1  2852    32    -1 1448318599 
   -1    -1    -1    -1    -1    -1  2876    -1 1448318599 
   -1    -1    -1    -1    -1    25    -1    -1 1448318601 
   -1    -1    -1    -1    -1   802    -1    -1 1448318601 
   -1    -1    -1    -1    -1    -1    72    -1 1448318601 
   -1    -1    -1    -1    -1  2315    -1    -1 1448318603 
   -1    -1    -1    -1  2772  2774  2773  2774 1448318604 
   -1    -1    -1    -1    -1    -1  1778    -1 1448318619 
   -1    -1    -1    -1    24    -1    -1    -1 1448318621 
   -1    -1    -1    -1    -1  2662   881    -1 1448318623 
   -1    -1    -1    -1    -1   234    -1   548 1448318626 
   -1    -1    -1    -1  2903   911  2061  2899 1448318629 
   -1    -1    -1    -1    -1  2974    -1    -1 1448318631 
   -1    -1    -1    -1    -1   856   833    -1 1448318631 
   -1    -1    -1    -1    -1    -1  3393    -1 1448318633 
   -1    -1   105    -1    -1    -1    -1    -1 1448318636 
   -1    -1    -1    -1    -1    -1   640    -1 1448318636 
   -1    -1    -1    -1    -1    -1   563    -1 1448318637 
   -1    -1    -1    -1    -1   530    -1    -1 1448318637 
   -1    -1    -1    -1    -1  1628  2669    -1 1448318639 
   -1    -1    -1    -1    -1   963  2793    -1 1448318640 
   -1    -1    -1    -1    -1    -1  1471    -1 1448318644 
   -1    -1    -1    -1    -1    -1    -1  2281 1448318649 
   -1    -1    -1    -1    -1    -1    26    -1 1448318650 
   -1    -1    -1    -1    -1  1006    -1    -1 1448318656 
   -1    -1    -1    -1  2818   689  2815  2819 1448318660 
   -1    -1    -1    -1    -1   880    -1    -1 1448318660 
   -1    -1    -1    -1    -1    -1  3351    -1 1448318666 
   -1    -1    -1    -1    -1  3657  1964    -1 1448318671 
   -1    -1    -1    -1    -1   835    -1    -1 1448318671 
   -1    -1    37    -1    -1    -1    -1    -1 1448318678 
   -1    -1    -1    -1    -1  1794  2731    -1 1448318684 
   -1    -1    -1    -1    -1    -1  3216    -1 1448318685 
   -1    -1    -1    -1    -1  1655    -1    -1 1448318685 
   -1    -1    -1    -1    -1  3316    -1    -1 1448318687 
   -1    -1    -1    -1    -1  1414    -1    -1 1448318687 
   -1    -1    -1    -1    -1  3009    -1    -1 1448318688 
   -1    -1    -1    -1    -1  1387  1395  1389 1448318694 
   -1    -1    -1    -1    -1   275    -1    -1 1448318704 
   -1    -1    -1    -1    -1  1408    -1    -1 1448318706 
   -1    -1    -1    -1   764    -1   766    -1 1448318708 
   -1    -1    -1    -1    -1   557  1597    -1 1448318708 
   -1    -1    -1    -1    -1   217    -1    -1 1448318713 
   -1    -1    -1    -1    -1  1864    -1    -1 1448318724 
   -1    -1    -1    -1  2882  2883  2882  2883 1448318726 
   -1    -1    -1    -1  2595  2594  2592  2594 1448318729 
   -1    -1    -1    -1    -1  2419    -1    -1 1448318729 
   -1    -1    -1    -1    -1  3582    -1    -1 1448318738 
   -1    -1    -1    -1    -1  3518    -1    -1 1448318739 
   -1    -1    -1    -1  3685  3054  3684  3684 1448318744 
   -1    -1    -1    -1  3128  3126  3126  3129 1448318748 
   -1    -1    -1    -1    -1    17    -1    -1 1448318752 
   -1    -1    -1    -1  3530  3533  3528  3532 1448318760 
   -1    -1    -1    -1    -1    -1  2181    -1 1448318765 
   -1    -1    -1    -1    -1   400   400    -1 1448318765 
   -1    -1    -1    -1    -1    39  3042    -1 1448318766 
   -1    -1    -1    -1    -1    -1   117    -1 1448318770 
   -1    -1    -1    -1  2351    -1   931    -1 1448318772 
   -1    -1    -1    -1   736   738   735   741 1448318773 
   -1    -1    -1    -1    -1  1735    -1    -1 1448318776 
   -1    -1    -1    -1    -1    -1  1901    -1 1448318777 
   -1    -1    -1    -1  4042  3460  4038  4039 1448318781 
   -1    -1    -1    -1    -1    64    67    -1 1448318784 
   -1    -1    -1    -1    -1    -1  1956    -1 1448318786 
   -1    -1    -1    -1    -1    -1  1888    -1 1448318788 
   -1    -1    -1    -1  1766  1767  1766  1768 1448318789 
   -1    -1    -1    -1    -1    -1  2181    -1 1448318789 
   -1    -1    -1    -1    -1  2062    -1  2064 1448318791 
   -1    -1    -1    -1    -1  2347    -1    -1 1448318797 
   -1    -1    -1    -1    -1    -1  2473    -1 1448318798 
   -1    -1    -1    -1  1076  1078  1076  1078 1448318802 
   -1    -1    -1    -1    16    -1    -1    -1 1448318805 
   -1    -1    -1    -1    -1   502    -1    -1 1448318807 
   -1    -1    -1    -1    -1   370    -1    -1 1448318809 
   -1    -1    -1    -1    -1  3506    -1    -1 1448318812 
   -1    -1    -1    -1    -1  2079    -1    -1 1448318813 
   -1    -1    -1    -1  1105   870  1497    -1 1448318828 
   -1    -1    -1    -1    -1    -1  3838    -1 1448318837 
   -1    -1    -1    -1    -1    -1  4079    -1 1448318840 
   -1    -1    -1    -1    -1  3845    -1    -1 1448318841 
   -1    -1    -1    -1    -1    86    -1    -1 1448318841 
   -1    -1    -1    -1    -1    -1  2218    -1 1448318849 
   -1    -1    -1    -1    -1    -1  1087    -1 1448318851 
   -1    -1    -1    -1    -1    -1  3425    -1 1448318861 
   -1    -1    -1    -1    -1  2651  2391    -1 1448318864 
   -1    -1    -1    -1    -1   547   667    -1 1448318876 
   -1    -1    -1    -1    -1   923    -1    -1 1448318879 
   -1    -1    -1    -1    -1    -1    -1  2491 1448318883 
   -1    -1    -1    -1    -1   401  4029    -1 1448318890 
   -1    -1    -1    -1    17    -1    -1    -1 1448318891 
   -1    -1    -1    -1    -1  3026    -1    -1 1448318892 
   -1    -1    -1    -1    -1  1596    -1    -1 1448318897 
   -1    -1    -1    -1   116   112    97   107 1448318897 
   -1    -1    -1    -1    -1  2272    -1    -1 1448318901 
   -1    -1    -1    -1    -1    -1  1123    -1 1448318904 
   -1    -1    -1    -1  3277  2422  3274  3278 1448318911 
   -1    -1    -1    -1    -1  2526   487    -1 1448318912 
   -1    -1    -1    -1    -1    -1  2642    -1 1448318913 
   -1    -1    -1    -1    -1    -1   347    -1 1448318920 
   -1    -1    -1    -1    -1    -1  1847    -1 1448318922 
   -1    -1    -1    -1    -1  2687    -1    -1 1448318926 
   -1    -1    -1    -1    -1  2703    -1    -1 1448318927 
   -1    -1    -1    -1    -1  1061    -1    -1 1448318929 
   -1    -1   106    -1    -1    -1    -1    -1 1448318941 
   -1    -1    -1    -1    -1    -1  1550    -1 1448318942 
   -1    -1    -1    -1    -1  3563    -1    -1 1448318942 
   -1    -1    -1    -1    -1  2183    -1    -1 1448318943 
