    6     175158     1    45 1513717000 
    7     307549     2   106 1513717054 
    7     808014     3     5 1513717260 
    7     935816     4    68 1513717313 
    6    1219214     5     4 1513717430 
    7    1238922     6   204 1513717438 
    7    1362261     7    13 1513717489 
    6    1475137     8    14 1513717535 
    6    1483986     9     7 1513717539 
    6    1642082    10   133 1513717604 
    6    1668031    11     8 1513717614 
    6    1989062    12    80 1513717746 
    7    2094497    13   121 1513717790 
    7    2131025    14    46 1513717805 
    6    2813978    15   466 1513718086 
    6    3560763    16    43 1513718393 
    7    3622471    17     2 1513718418 
    6    3882140    18    83 1513718525 
    6    3921041    19   473 1513718541 
    6    4188236    20   248 1513718651 
    6    4397888    21   134 1513718737 
    7    4423582    22     9 1513718748 
    6    4502604    23    71 1513718780 
    6    4520779    24   323 1513718788 
    6    4594443    25   383 1513718818 
    6    4763532    26    76 1513718888 
    6    4973819    27    35 1513718974 
    7    5019858    28   158 1513718993 
    7    5421589    29     3 1513719159 
    7    6080513    30   154 1513719430 
    6    6485516    31    88 1513719597 
    7    6554211    32   177 1513719625 
    6    6556909    33   132 1513719626 
    6    7666132    34    45 1513720083 
    6    7920212    35    24 1513720187 
    6    8259588    36   126 1513720327 
    6    8495594    37    14 1513720424 
    7    8630813    38   107 1513720480 
    6    9052034    39     3 1513720653 
    7    9066116    40    95 1513720659 
    6    9121606    41     7 1513720682 
    6    9160778    42    16 1513720698 
    6    9235049    43   141 1513720729 
    7    9363692    44   420 1513720782 
    6    9442902    45     2 1513720814 
    6    9851424    46   188 1513720983 
    7    9855772    47   434 1513720984 
    6   10120533    48    57 1513721093 
    6   10273679    49    34 1513721156 
    7   10367580    50   233 1513721195 
    7   10444460    51   275 1513721227 
    6   10458758    52   351 1513721233 
    7   10478801    53    81 1513721241 
    7   10576900    54    36 1513721281 
    7   10830429    55    32 1513721385 
    6   11240151    56    18 1513721554 
    6   11267898    57    80 1513721566 
    6   11272861    58   201 1513721568 
    6   11719857    59   243 1513721752 
    6   11848484    60    30 1513721805 
    7   11965787    61    13 1513721853 
    7   12886427    62    91 1513722232 
    7   13021119    63    18 1513722287 
    6   13093717    64    31 1513722317 
    7   13216179    65    50 1513722368 
    6   13249563    66     3 1513722381 
    6   13263932    67    49 1513722387 
    7   13484327    68    84 1513722478 
    7   14285775    69    15 1513722808 
    7   14507296    70   664 1513722899 
    7   14581456    71   149 1513722930 
    7   14788503    72   144 1513723015 
    7   15031778    73     2 1513723115 
    7   15417418    74    39 1513723274 
    6   15520360    75     8 1513723316 
    6   15532392    76   167 1513723321 
    6   15861878    77    81 1513723457 
    6   16129268    78    58 1513723567 
    6   16166217    79    97 1513723582 
    6   16241023    80     7 1513723613 
    6   16830607    81   155 1513723856 
    6   16839495    82   237 1513723859 
    7   17609860    83   146 1513724177 
    7   17730800    84    17 1513724226 
    7   18099850    85   276 1513724378 
    6   18157451    86     2 1513724402 
    7   19268334    87    37 1513724859 
    7   19700129    88   171 1513725037 
    7   19821317    89   115 1513725087 
    6   20512847    90     8 1513725372 
    7   20596276    91    32 1513725406 
    7   20720256    92    19 1513725457 
    6   20770662    93    49 1513725478 
    7   21352023    94    66 1513725717 
    6   21442186    95    53 1513725754 
    6   21610123    96    33 1513725823 
    6   21820254    97   178 1513725910 
    7   21823639    98   257 1513725911 
    6   21949369    99   145 1513725963 
    7   22337012   100   159 1513726123 
    7   22439044   101     4 1513726165 
    6   22474953   102    46 1513726180 
    7   22585687   103    66 1513726225 
    7   22684710   104    65 1513726266 
    6   22976942   105   137 1513726386 
    6   23239893   106   129 1513726494 
    6   23368708   107    60 1513726547 
    6   23733641   108   188 1513726698 
    6   23736097   109   157 1513726699 
    6   24130383   110    17 1513726861 
    6   24366554   111    10 1513726958 
    7   24376570   112    81 1513726962 
    7   24458493   113    65 1513726996 
    6   25569638   114   446 1513727454 
    6   25608099   115   991 1513727469 
    7   25814246   116   271 1513727554 
    7   25840888   117   178 1513727565 
    6   26205657   118    24 1513727715 
    6   26240355   119    97 1513727730 
    7   26254050   120   127 1513727735 
    6   26397378   121   198 1513727794 
    7   26459713   122    37 1513727820 
    6   26506396   123    14 1513727839 
    6   26936559   124   129 1513728016 
    7   27288182   125    49 1513728161 
    7   27397300   126    75 1513728206 
    7   27427848   127    24 1513728219 
    7   28014736   128    40 1513728460 
    6   28298145   129    22 1513728577 
    6   28790617   130   175 1513728780 
    6   29395312   131    36 1513729029 
    7   29430127   132    67 1513729043 
    7   29446186   133   126 1513729050 
    6   29450443   134    42 1513729051 
    6   30188149   135    45 1513729355 
    7   30193790   136    88 1513729358 
    6   30438738   137    25 1513729458 
    6   30481645   138    11 1513729476 
    6   30900660   139   134 1513729649 
    6   31861698   140    73 1513730044 
    7   32008417   141    25 1513730105 
    7   32260362   142    19 1513730209 
    6   32933320   143   179 1513730486 
    6   33238811   144    66 1513730611 
    7   33347364   145    33 1513730656 
    6   33428916   146    25 1513730690 
    7   33443906   147    22 1513730696 
    6   33622629   148    12 1513730769 
    6   34791926   149    97 1513731251 
    7   34871152   150    60 1513731284 
    6   35109652   151    10 1513731382 
    7   35324907   152   100 1513731470 
    7   35520442   153    58 1513731551 
    6   35593139   154   163 1513731581 
    7   36029474   155   107 1513731760 
    7   36095417   156    68 1513731788 
    6   36102987   157    12 1513731791 
    7   36199788   158   163 1513731831 
    6   36448684   159    68 1513731933 
    7   36761375   160    27 1513732062 
    7   36888010   161    60 1513732114 
    7   37067699   162    39 1513732188 
    7   37072494   163   123 1513732190 
    7   37134291   164    68 1513732215 
    6   37317544   165    81 1513732291 
    7   37388346   166     3 1513732320 
    7   37474942   167   119 1513732356 
    6   37796223   168     8 1513732488 
    7   37871106   169    93 1513732519 
    6   37922414   170    29 1513732540 
    7   37923178   171   159 1513732540 
    6   37984037   172    58 1513732565 
    6   38302751   173    66 1513732697 
    7   39064615   174    52 1513733010 
    6   39186643   175    36 1513733061 
    6   39230627   176    39 1513733079 
    7   39403166   177    98 1513733150 
    6   39942696   178    46 1513733372 
    7   39972799   179   264 1513733384 
    6   39978911   180   164 1513733387 
    7   40028560   181   195 1513733407 
    6   40056844   182    35 1513733419 
    6   40127275   183     2 1513733448 
    7   40239597   184     2 1513733494 
    7   40419920   185     4 1513733568 
    7   40420041   186   437 1513733569 
    7   40568222   187    27 1513733630 
    7   40755806   188   214 1513733707 
    7   41052198   189   240 1513733829 
    6   41163991   190   141 1513733875 
    6   41269590   191   365 1513733918 
    7   41444599   192   386 1513733990 
    6   41497874   193     4 1513734012 
    7   41600652   194    35 1513734055 
    7   41901954   195    77 1513734179 
    7   42082739   196   105 1513734253 
    6   42094048   197   299 1513734258 
    6   42198934   198    26 1513734301 
    6   42293941   199     2 1513734340 
    7   42363495   200    55 1513734369 
    7   42647054   201    11 1513734486 
    6   42915785   202    23 1513734596 
    6   42990474   203     3 1513734627 
    7   43316695   204   145 1513734761 
    7   43341543   205    85 1513734772 
    7   43426211   206   155 1513734806 
    6   43448282   207   115 1513734816 
    6   43572891   208    12 1513734867 
    6   43618605   209   104 1513734886 
    6   43806987   210    34 1513734963 
    7   43978392   211   569 1513735034 
    7   45891555   212   162 1513735822 
    6   45956188   213    28 1513735848 
    7   46195397   214   257 1513735947 
    7   46480104   215   154 1513736064 
    6   47522273   216    85 1513736493 
    6   47949835   217    95 1513736669 
    7   48305161   218     9 1513736816 
    6   49175092   219   275 1513737174 
    7   49723094   220   163 1513737399 
    6   49828699   221    75 1513737443 
    6   49959065   222   329 1513737497 
    7   50678093   223    49 1513737793 
    7   50749492   224    42 1513737822 
    6   51074149   225    51 1513737956 
    6   51152476   226    75 1513737988 
    7   51458242   227   155 1513738114 
    6   51535272   228     9 1513738145 
    6   51819936   229     4 1513738263 
    7   52278585   230   158 1513738451 
    6   52625239   231   143 1513738594 
    6   52725345   232   171 1513738635 
    7   53008709   233    32 1513738752 
    7   53447047   234    58 1513738932 
    6   53795827   235    85 1513739076 
    7   54058664   236    14 1513739184 
    6   54710211   237   105 1513739453 
    6   54881997   238   202 1513739523 
    7   54883928   239    37 1513739524 
    7   55479157   240    27 1513739769 
    7   55646153   241     3 1513739838 
    6   55895763   242    95 1513739941 
    7   55976900   243    86 1513739974 
    7   56349559   244    37 1513740127 
    7   56459208   245   162 1513740173 
    7   56944554   246    19 1513740372 
    7   57084440   247   101 1513740430 
    6   57103296   248     9 1513740438 
    7   57168127   249    27 1513740465 
    6   57358039   250    77 1513740543 
    6   58452959   251    36 1513740994 
    7   59092625   252   133 1513741257 
    6   59441440   253   112 1513741401 
    7   59561257   254    54 1513741450 
    7   59583260   255   156 1513741459 
    6   59620595   256   231 1513741474 
    7   59806526   257    47 1513741551 
    7   59838608   258    37 1513741564 
    6   59912450   259    19 1513741594 
    7   59979979   260    16 1513741622 
    7   60091938   261   318 1513741668 
    7   60212158   262    28 1513741718 
    6   60434592   263     7 1513741809 
    6   60807494   264    41 1513741963 
    6   61051281   265    18 1513742063 
    7   61464324   266    83 1513742233 
    7   61506560   267   211 1513742251 
    6   62139799   268     2 1513742511 
    6   62446275   269    12 1513742638 
    6   62601674   270   201 1513742702 
    6   62788044   271    15 1513742778 
    6   62972982   272    23 1513742855 
    6   63162807   273   659 1513742933 
    7   63230217   274   550 1513742961 
    6   63403479   275   106 1513743032 
    6   63609379   276    13 1513743117 
    7   63630661   277    44 1513743125 
    6   63735612   278    15 1513743169 
    7   64400852   279    94 1513743443 
    7   64883480   280    47 1513743641 
    7   65122285   281   343 1513743740 
    7   65265399   282    98 1513743799 
    7   65713163   283    63 1513743983 
    7   65883802   284     9 1513744053 
    6   65908580   285     5 1513744063 
    6   66085657   286   195 1513744136 
    7   66162274   287    42 1513744168 
    7   66411607   288     5 1513744271 
    6   66420033   289    93 1513744274 
    7   66509847   290   203 1513744311 
    6   66526296   291   257 1513744318 
    7   66924084   292    37 1513744482 
    7   67043076   293   205 1513744531 
    7   67093902   294    89 1513744552 
    6   67290562   295    22 1513744633 
    7   67388093   296     7 1513744673 
    6   67434846   297    78 1513744692 
    6   67439083   298   122 1513744694 
    6   67937458   299    97 1513744899 
    6   68085723   300   315 1513744960 
    7   68343845   301   354 1513745066 
    7   68540036   302   249 1513745147 
    7   68901685   303    65 1513745296 
    6   69079599   304   259 1513745369 
    7   69112256   305    24 1513745383 
    6   69654637   306    80 1513745606 
    6   69752861   307    20 1513745646 
    6   70369631   308   176 1513745901 
    6   70689741   309    12 1513746032 
    6   70746395   310     8 1513746056 
    6   71028921   311    57 1513746172 
    6   71093084   312   101 1513746198 
    6   71181412   313     4 1513746235 
    6   71198196   314   106 1513746242 
    6   71323509   315    62 1513746293 
    6   71434052   316   122 1513746339 
    6   71755807   317    89 1513746471 
    7   71929197   318    79 1513746543 
    6   71958072   319     7 1513746555 
    7   71965906   320   346 1513746558 
    7   72154964   321    31 1513746636 
    6   72415915   322   137 1513746743 
    6   72595526   323   178 1513746817 
    7   72720966   324    40 1513746869 
    7   72867965   325   248 1513746929 
    6   72982600   326   116 1513746977 
    6   73642778   327    30 1513747249 
    6   73694115   328    19 1513747270 
    7   73733393   329     3 1513747286 
    6   73866297   330    61 1513747341 
    6   73955320   331   343 1513747377 
    7   74340988   332    16 1513747536 
    6   74834413   333   559 1513747739 
    6   74867281   334    23 1513747753 
    7   74991716   335    23 1513747804 
    7   75130893   336   104 1513747861 
    6   75747723   337   219 1513748116 
    6   75826487   338    38 1513748148 
    6   76512489   339    40 1513748430 
    7   76563287   340     1 1513748451 
    6   76601165   341    76 1513748467 
    6   77046283   342   242 1513748650 
    6   77203100   343   341 1513748715 
    6   77592851   344   112 1513748875 
    6   77654997   345    90 1513748901 
    6   77974034   346   106 1513749032 
    6   78196303   347   174 1513749124 
    6   78278265   348    36 1513749158 
    7   78395802   349    48 1513749206 
    6   78649697   350    62 1513749311 
    6   78969545   351    27 1513749442 
    6   79070389   352    22 1513749484 
    6   79122745   353    11 1513749505 
    6   79196566   354   199 1513749536 
    6   79551297   355    95 1513749682 
    7   79853159   356    19 1513749806 
    7   79988584   357    58 1513749862 
    7   80015779   358   114 1513749873 
    7   80545868   359    42 1513750092 
    7   80719956   360    45 1513750163 
    7   80729400   361     2 1513750167 
    7   81006442   362     4 1513750281 
    7   81093047   363    18 1513750317 
    6   81267979   364   266 1513750389 
    6   81425775   365    25 1513750454 
    6   81603408   366    87 1513750527 
    7   81671196   367    62 1513750555 
    7   81768510   368    32 1513750595 
    6   81892151   369   410 1513750646 
    6   81909139   370    34 1513750653 
    6   82019111   371   141 1513750698 
    7   82387004   372   255 1513750850 
    7   82422600   373    67 1513750864 
    6   83009150   374    42 1513751106 
    6   83228224   375   167 1513751196 
    6   83360031   376    83 1513751250 
    7   83526148   377    18 1513751319 
    7   83695861   378   151 1513751389 
    6   83840160   379   137 1513751448 
    7   84023005   380   255 1513751523 
    6   84136869   381   271 1513751570 
    7   84249582   382   127 1513751617 
    6   84251652   383    71 1513751617 
    6   84613726   384    64 1513751766 
    6   84627096   385     2 1513751772 
    7   84966892   386    22 1513751912 
    6   85012782   387   113 1513751931 
    7   85860646   388   112 1513752280 
    7   86668016   389    66 1513752612 
    6   86911012   390    77 1513752712 
    6   87018772   391    71 1513752757 
    6   87068756   392   135 1513752777 
    6   87288523   393   119 1513752868 
    6   87762790   394    34 1513753063 
    6   88402230   395   179 1513753327 
    6   88687449   396    93 1513753444 
    7   88889375   397   328 1513753527 
    6   89194700   398    64 1513753653 
    6   89404814   399   143 1513753739 
    6   89632788   400    31 1513753833 
    7   89861665   401    27 1513753927 
    7   90114597   402   175 1513754032 
    7   90395799   403   105 1513754147 
    6   90630978   404   119 1513754244 
    6   91176299   405   140 1513754469 
    6   91793619   406   265 1513754723 
    7   91995807   407   109 1513754806 
    6   92143422   408    90 1513754867 
    6   92682980   409     9 1513755089 
    6   92714089   410    30 1513755102 
    6   92870323   411   110 1513755166 
    7   92888474   412    11 1513755174 
    7   93108221   413   407 1513755264 
    6   93165677   414    76 1513755288 
    6   93706316   415    87 1513755511 
    6   93874330   416   266 1513755580 
    6   94416283   417    69 1513755803 
    7   94701277   418    99 1513755920 
    7   95050193   419    30 1513756064 
    6   95154401   420   144 1513756107 
    6   95340730   421    13 1513756184 
    7   95681046   422    72 1513756324 
    6   95833341   423   221 1513756386 
    7   96076658   424    17 1513756487 
    6   96206585   425    36 1513756540 
    7   96664575   426   115 1513756729 
    6   96925782   427   111 1513756836 
    6   96964670   428   434 1513756852 
    6   97362529   429    46 1513757016 
    7   97430420   430   135 1513757044 
    7   97649439   431    26 1513757134 
    7   97704425   432   126 1513757157 
    6   97932790   433   213 1513757251 
    6   97934227   434     3 1513757252 
    7   98060486   435   273 1513757304 
    6   98086793   436    44 1513757314 
    6   98534674   437     5 1513757499 
    6   98607992   438   111 1513757529 
    7   98648750   439    59 1513757546 
    7   98987517   440   110 1513757685 
    6   99177704   441   261 1513757764 
    6   99224368   442    60 1513757783 
    6   99533331   443   100 1513757910 
    7   99757549   444   350 1513758002 
    6   99801528   445     7 1513758020 
    6  100156315   446    20 1513758167 
    7  100478127   447    58 1513758299 
    6  100698480   448    88 1513758390 
    7  100875598   449    98 1513758463 
    7  101569490   450     9 1513758748 
    6  101572615   451    51 1513758750 
    7  101960307   452     2 1513758909 
    6  102004719   453    98 1513758928 
    7  102018337   454    58 1513758933 
    7  102238135   455   172 1513759024 
    7  102318465   456    12 1513759057 
    6  102389695   457   134 1513759086 
    7  102400381   458    29 1513759091 
    6  102507582   459    22 1513759135 
    6  103035147   460   475 1513759352 
    7  103544979   461   279 1513759562 
    6  103994180   462    11 1513759747 
    6  104008656   463   268 1513759753 
    6  105132566   464   446 1513760216 
    7  105245502   465    15 1513760262 
    7  105509426   466     7 1513760371 
    7  105572301   467    84 1513760397 
    6  105657952   468    54 1513760432 
    6  105737754   469   148 1513760465 
    6  105989887   470    34 1513760569 
    6  106657560   471     8 1513760843 
    6  107007257   472    31 1513760987 
    6  107159813   473   154 1513761050 
    6  107561098   474   428 1513761216 
    7  107809760   475    45 1513761318 
    6  107992603   476    34 1513761393 
    6  108052696   477    61 1513761418 
    6  108064427   478    16 1513761423 
    6  108099485   479   324 1513761437 
    6  108378139   480    33 1513761552 
    7  108401507   481   136 1513761562 
    6  108959119   482     9 1513761791 
    6  109248233   483    31 1513761910 
    6  109269363   484    70 1513761919 
    6  109670341   485   393 1513762084 
    7  109829878   486   118 1513762150 
    6  110049342   487   192 1513762240 
    6  110098103   488     2 1513762260 
    7  110301822   489   184 1513762344 
    6  110736583   490   131 1513762523 
    7  110754622   491   257 1513762530 
    7  110810546   492    28 1513762553 
    7  110951268   493   235 1513762611 
    7  111963655   494    15 1513763028 
    6  111995933   495   198 1513763041 
    6  112093260   496    11 1513763081 
    6  112139585   497   108 1513763101 
    7  112629883   498    78 1513763302 
    7  112702387   499   108 1513763332 
    7  113374204   500     8 1513763609 
